0.662	50000000000000000000
0.663	49884222737819025408
0.664	49768445475638050816
0.665	49652668213457076224
0.666	49536890951276101632
0.667	49421113689095127040
0.668	49305336426914152448
0.669	49189559164733177856
0.67	49073781902552203264
0.671	48958004640371228672
0.672	48842227378190254080
0.673	48726450116009279488
0.674	48610672853828304896
0.675	48494895591647330304
0.676	48379118329466355712
0.677	48263341067285381120
0.678	48147563805104406528
0.679	48031786542923431936
0.68	47916009280742457344
0.681	47800232018561482752
0.682	47684454756380508160
0.683	47568677494199533568
0.684	47452900232018558976
0.685	47337122969837584384
0.686	47221345707656609792
0.687	47105568445475635200
0.688	46989791183294660608
0.689	46874013921113686016
0.69	46758236658932711424
0.691	46642459396751736832
0.692	46526682134570762240
0.693	46410904872389787648
0.694	46295127610208813056
0.695	46179350348027838464
0.696	46063573085846863872
0.697	45947795823665897472
0.698	45832018561484922880
0.699	45716241299303948288
0.7	45600464037122973696
0.701	45484686774941999104
0.702	45368909512761024512
0.703	45253132250580049920
0.704	45137354988399075328
0.705	45021577726218100736
0.706	44905800464037126144
0.707	44790023201856151552
0.708	44674245939675176960
0.709	44558468677494202368
0.71	44442691415313227776
0.711	44326914153132253184
0.712	44211136890951278592
0.713	44095359628770304000
0.714	43979582366589329408
0.715	43863805104408354816
0.716	43748027842227380224
0.717	43632250580046405632
0.718	43516473317865431040
0.719	43400696055684456448
0.72	43284918793503481856
0.721	43169141531322507264
0.722	43053364269141532672
0.723	42937587006960558080
0.724	42821809744779583488
0.725	42706032482598608896
0.726	42590255220417634304
0.727	42474477958236659712
0.728	42358700696055685120
0.729	42242923433874710528
0.73	42127146171693735936
0.731	42011368909512761344
0.732	41895591647331786752
0.733	41779814385150812160
0.734	41664037122969837568
0.735	41548259860788862976
0.736	41432482598607888384
0.737	41316705336426913792
0.738	41200928074245939200
0.739	41085150812064964608
0.74	40969373549883990016
0.741	40853596287703015424
0.742	40737819025522040832
0.743	40622041763341066240
0.744	40506264501160091648
0.745	40390487238979117056
0.746	40274709976798142464
0.747	40158932714617167872
0.748	40043155452436193280
0.749	39927378190255218688
0.75	39811600928074252288
0.751	39695823665893277696
0.752	39580046403712303104
0.753	39464269141531328512
0.754	39348491879350353920
0.755	39232714617169379328
0.756	39116937354988404736
0.757	39001160092807430144
0.758	38885382830626455552
0.759	38769605568445480960
0.76	38653828306264506368
0.761	38538051044083531776
0.762	38422273781902557184
0.763	38306496519721582592
0.764	38190719257540608000
0.765	38074941995359633408
0.766	37959164733178658816
0.767	37843387470997684224
0.768	37727610208816709632
0.769	37611832946635735040
0.77	37496055684454760448
0.771	37380278422273785856
0.772	37264501160092811264
0.773	37148723897911836672
0.774	37032946635730862080
0.775	36917169373549887488
0.776	36801392111368912896
0.777	36685614849187938304
0.778	36569837587006963712
0.779	36454060324825989120
0.78	36338283062645014528
0.781	36222505800464039936
0.782	36106728538283065344
0.783	35990951276102090752
0.784	35875174013921116160
0.785	35759396751740141568
0.786	35643619489559166976
0.787	35527842227378192384
0.788	35412064965197217792
0.789	35296287703016243200
0.79	35180510440835268608
0.791	35064733178654294016
0.792	34948955916473319424
0.793	34833178654292344832
0.794	34717401392111370240
0.795	34601624129930395648
0.796	34485846867749421056
0.797	34370069605568446464
0.798	34254292343387471872
0.799	34138515081206497280
0.8	34022737819025522688
0.801	33906960556844548096
0.802	33791183294663573504
0.803	33675406032482598912
0.804	33559628770301624320
0.805	33443851508120649728
0.806	33328074245939675136
0.807	33212296983758700544
0.808	33096519721577725952
0.809	32980742459396751360
0.81	32864965197215776768
0.811	32749187935034802176
0.812	32633410672853827584
0.813	32517633410672852992
0.814	32401856148491882496
0.815	32286078886310907904
0.816	32170301624129933312
0.817	32054524361948958720
0.818	31938747099767984128
0.819	31822969837587009536
0.82	31707192575406034944
0.821	31591415313225060352
0.822	31475638051044085760
0.823	31359860788863111168
0.824	31244083526682136576
0.825	31128306264501161984
0.826	31012529002320187392
0.827	30896751740139212800
0.828	30780974477958238208
0.829	30665197215777263616
0.83	30549419953596289024
0.831	30433642691415314432
0.832	30317865429234339840
0.833	30202088167053365248
0.834	30086310904872390656
0.835	29970533642691416064
0.836	29854756380510441472
0.837	29738979118329466880
0.838	29623201856148496384
0.839	29507424593967521792
0.84	29391647331786547200
0.841	29275870069605572608
0.842	29160092807424598016
0.843	29044315545243623424
0.844	28928538283062648832
0.845	28812761020881674240
0.846	28696983758700699648
0.847	28581206496519725056
0.848	28465429234338750464
0.849	28349651972157775872
0.85	28233874709976801280
0.851	28118097447795826688
0.852	28002320185614852096
0.853	27886542923433877504
0.854	27770765661252902912
0.855	27654988399071928320
0.856	27539211136890953728
0.857	27423433874709979136
0.858	27307656612529004544
0.859	27191879350348029952
0.86	27076102088167055360
0.861	26960324825986080768
0.862	26844547563805106176
0.863	26728770301624131584
0.864	26612993039443156992
0.865	26497215777262182400
0.866	26381438515081207808
0.867	26265661252900233216
0.868	26149883990719258624
0.869	26034106728538284032
0.87	25918329466357309440
0.871	25802552204176338944
0.872	25686774941995364352
0.873	25570997679814389760
0.874	25455220417633415168
0.875	25339443155452440576
0.876	25223665893271465984
0.877	25107888631090491392
0.878	24992111368909516800
0.879	24876334106728542208
0.88	24760556844547567616
0.881	24644779582366593024
0.882	24529002320185618432
0.883	24413225058004643840
0.884	24297447795823669248
0.885	24181670533642694656
0.886	24065893271461720064
0.887	23950116009280745472
0.888	23834338747099770880
0.889	23718561484918796288
0.89	23602784222737821696
0.891	23487006960556847104
0.892	23371229698375872512
0.893	23255452436194897920
0.894	23139675174013923328
0.895	23023897911832948736
0.896	22908120649651974144
0.897	22792343387470999552
0.898	22676566125290024960
0.899	22560788863109050368
0.9	22445011600928075776
0.901	22329234338747101184
0.902	22213457076566130688
0.903	22097679814385156096
0.904	21981902552204181504
0.905	21866125290023206912
0.906	21750348027842232320
0.907	21634570765661257728
0.908	21518793503480283136
0.909	21403016241299308544
0.91	21287238979118333952
0.911	21171461716937359360
0.912	21055684454756384768
0.913	20939907192575410176
0.914	20824129930394435584
0.915	20708352668213460992
0.916	20592575406032486400
0.917	20476798143851511808
0.918	20361020881670537216
0.919	20245243619489562624
0.92	20129466357308588032
0.921	20013689095127613440
0.922	19897911832946638848
0.923	19782134570765664256
0.924	19666357308584689664
0.925	19550580046403715072
0.926	19434802784222740480
0.927	19319025522041765888
0.928	19203248259860791296
0.929	19087470997679816704
0.93	18971693735498842112
0.931	18855916473317867520
0.932	18740139211136892928
0.933	18624361948955918336
0.934	18508584686774943744
0.935	18392807424593973248
0.936	18277030162412998656
0.937	18161252900232024064
0.938	18045475638051049472
0.939	17929698375870074880
0.94	17813921113689100288
0.941	17698143851508125696
0.942	17582366589327151104
0.943	17466589327146176512
0.944	17350812064965201920
0.945	17235034802784227328
0.946	17119257540603252736
0.947	17003480278422278144
0.948	16887703016241303552
0.949	16771925754060328960
0.95	16656148491879354368
0.951	16540371229698379776
0.952	16424593967517405184
0.953	16308816705336430592
0.954	16193039443155456000
0.955	16077262180974481408
0.956	15961484918793506816
0.957	15845707656612532224
0.958	15729930394431557632
0.959	15614153132250583040
0.96	15498375870069608448
0.961	15382598607888633856
0.962	15266821345707659264
0.963	15151044083526684672
0.964	15035266821345710080
0.965	14919489559164735488
0.966	14803712296983764992
0.967	14687935034802790400
0.968	14572157772621815808
0.969	14456380510440841216
0.97	14340603248259866624
0.971	14224825986078892032
0.972	14109048723897917440
0.973	13993271461716942848
0.974	13877494199535968256
0.975	13761716937354993664
0.976	13645939675174019072
0.977	13530162412993044480
0.978	13414385150812069888
0.979	13298607888631095296
0.98	13182830626450120704
0.981	13067053364269146112
0.982	12951276102088171520
0.983	12835498839907196928
0.984	12719721577726222336
0.985	12603944315545247744
0.986	12488167053364273152
0.987	12372389791183298560
0.988	12256612529002323968
0.989	12140835266821349376
0.99	12025058004640374784
0.991	11909280742459400192
0.992	11793503480278425600
0.993	11677726218097451008
0.994	11561948955916476416
0.995	11446171693735501824
0.996	11330394431554527232
0.997	11214617169373552640
0.998	11098839907192578048
0.999	10983062645011603456
1.0	10867285382830628864
1.001	10751508120649654272
1.002	10635730858468679680
1.003	10519953596287705088
1.004	10404176334106730496
1.005	10288399071925755904
1.006	10172621809744781312
1.007	10056844547563806720
1.008	9941067285382832128
1.009	9825290023201857536
1.01	9709512761020882944
1.011	9593735498839908352
1.012	9477958236658933760
1.013	9362180974477959168
1.014	9246403712296992768
1.015	9130626450116018176
1.016	9014849187935043584
1.017	8899071925754068992
1.018	8783294663573094400
1.019	8667517401392119808
1.02	8551740139211145216
1.021	8435962877030170624
1.022	8320185614849196032
1.023	8204408352668221440
1.024	8088631090487246848
1.025	7972853828306272256
1.026	7857076566125297664
1.027	7741299303944323072
1.028	7625522041763348480
1.029	7509744779582373888
1.03	7393967517401399296
1.031	7278190255220424704
1.032	7162412993039450112
1.033	7046635730858475520
1.034	6930858468677500928
1.035	6815081206496526336
1.036	6699303944315551744
1.037	6583526682134577152
1.038	6467749419953602560
1.039	6351972157772627968
1.04	6236194895591653376
1.041	6120417633410678784
1.042	6004640371229704192
1.043	5888863109048729600
1.044	5773085846867755008
1.045	5657308584686780416
1.046	5541531322505805824
1.047	5425754060324831232
1.048	5309976798143856640
1.049	5194199535962882048
1.05	5078422273781907456
1.051	4962645011600932864
1.052	4846867749419958272
1.053	4731090487238983680
1.054	4615313225058009088
1.055	4499535962877034496
1.056	4383758700696059904
1.057	4267981438515085312
1.058	4152204176334110720
1.059	4036426914153136128
1.06	3920649651972161536
1.061	3804872389791186944
1.062	3689095127610212352
1.063	3573317865429237760
1.064	3457540603248263168
1.065	3341763341067288576
1.066	3225986078886313984
1.067	3110208816705339392
1.068	2994431554524364800
1.069	2878654292343390208
1.07	2762877030162415616
1.071	2647099767981441024
1.072	2531322505800466432
1.073	2415545243619491840
1.074	2299767981438517248
1.075	2183990719257542656
1.076	2068213457076568064
1.077	1952436194895593472
1.078	1836658932714618880
1.079	1720881670533652480
1.08	1605104408352677888
1.081	1489327146171703296
1.082	1373549883990728704
1.083	1257772621809754112
1.084	1141995359628779520
1.085	1026218097447804928
1.086	910440835266830336
1.087	794663573085855744
1.088	678886310904881152
1.089	563109048723906560
1.09	447331786542931968
1.091	331554524361957376
1.092	215777262180982784
