0.662	50000000000000000000
0.663	49999730124391563264
0.664	49998920497566253056
0.665	49997571119524069376
0.666	49995681990265004032
0.667	49993253109789073408
0.668	49990284478096269312
0.669	49986776095186583552
0.67	49982727961060032512
0.671	49978140075716599808
0.672	49973012439156301824
0.673	49967345051379122176
0.674	49961137912385069056
0.675	49954391022174150656
0.676	49947104380746350592
0.677	49939277988101677056
0.678	49930911844240130048
0.679	49922005949161709568
0.68	49912560302866415616
0.681	49902574905354248192
0.682	49892049756625199104
0.683	49880984856679284736
0.684	49869380205516496896
0.685	49857235803136827392
0.686	49844551649540292608
0.687	49831327744726876160
0.688	49817564088696594432
0.689	49803260681449431040
0.69	49788417522985394176
0.691	49773034613304492032
0.692	49757111952406708224
0.693	49740649540292050944
0.694	49723647376960520192
0.695	49706105462412115968
0.696	49688023796646838272
0.697	49669402379664687104
0.698	49650241211465654272
0.699	49630540292049756160
0.7	49610299621416984576
0.701	49589519199567331328
0.702	49568199026500812800
0.703	49546339102217412608
0.704	49523939426717147136
0.705	49501000000000000000
0.706	49477520822065979392
0.707	49453501892915085312
0.708	49428943212547325952
0.709	49403844780962684928
0.71	49378206598161170432
0.711	49352028664142782464
0.712	49325310978907512832
0.713	49298053542455377920
0.714	49270256354786369536
0.715	49241919415900487680
0.716	49213042725797724160
0.717	49183626284478095360
0.718	49153670091941584896
0.719	49123174148188209152
0.72	49092138453217951744
0.721	49060563007030829056
0.722	49028447809626824704
0.723	48995792861005946880
0.724	48962598161168203776
0.725	48928863710113570816
0.726	48894589507842080768
0.727	48859775554353700864
0.728	48824421849648463872
0.729	48788528393726337024
0.73	48752095186587344896
0.731	48715122228231471104
0.732	48677609518658740224
0.733	48639557057869119488
0.734	48600964845862633472
0.735	48561832882639265792
0.736	48522161168199024640
0.737	48481949702541918208
0.738	48441198485667930112
0.739	48399907517577068544
0.74	48358076798269333504
0.741	48315706327744724992
0.742	48272796106003251200
0.743	48229346133044887552
0.744	48185356408869658624
0.745	48140826933477556224
0.746	48095757706868580352
0.747	48050148729042731008
0.748	48004000000000000000
0.749	47957311519740403712
0.75	47910083288263925760
0.751	47862315305570582528
0.752	47814007571660357632
0.753	47765160086533259264
0.754	47715772850189295616
0.755	47665845862628450304
0.756	47615379123850731520
0.757	47564372633856139264
0.758	47512826392644673536
0.759	47460740400216334336
0.76	47408114656571121664
0.761	47354949161709035520
0.762	47301243915630075904
0.763	47246998918334234624
0.764	47192214169821528064
0.765	47136889670091939840
0.766	47081025419145486336
0.767	47024621416982151168
0.768	46967677663601950720
0.769	46910194159004868608
0.77	46852170903190913024
0.771	46793607896160092160
0.772	46734505137912389632
0.773	46674862628447813632
0.774	46614680367766364160
0.775	46553958355868041216
0.776	46492696592752844800
0.777	46430895078420766720
0.778	46368553812871823360
0.779	46305672796106006528
0.78	46242252028123308032
0.781	46178291508923744256
0.782	46113791238507298816
0.783	46048751216873988096
0.784	45983171444023795712
0.785	45917051919956738048
0.786	45850392644672798720
0.787	45783193618171985920
0.788	45715454840454299648
0.789	45647176311519739904
0.79	45578358031368306688
0.791	45509000000000000000
0.792	45439102217414819840
0.793	45368664683612766208
0.794	45297687398593839104
0.795	45226170362358030336
0.796	45154113574905356288
0.797	45081517036235800576
0.798	45008380746349379584
0.799	44934704705246076928
0.8	44860488912925908992
0.801	44785733369388859392
0.802	44710438074634936320
0.803	44634603028664139776
0.804	44558228231476477952
0.805	44481313683071926272
0.806	44403859383450517504
0.807	44325865332612218880
0.808	44247331530557054976
0.809	44168257977285017600
0.81	44088644672796106752
0.811	44008491617090322432
0.812	43927798810167656448
0.813	43846566252028125184
0.814	43764793942671712256
0.815	43682481882098434048
0.816	43599630070308274176
0.817	43516238507301240832
0.818	43432307193077342208
0.819	43347836127636561920
0.82	43262825310978908160
0.821	43177274743104380928
0.822	43091184424012980224
0.823	43004554353704706048
0.824	42917384532179558400
0.825	42829674959437529088
0.826	42741425635478634496
0.827	42652636560302866432
0.828	42563307733910224896
0.829	42473439156300701696
0.83	42383030827474305024
0.831	42292082747431043072
0.832	42200594916170899456
0.833	42108567333693882368
0.834	42016000000000000000
0.835	41922892915089235968
0.836	41829246078961598464
0.837	41735059491617087488
0.838	41640333153055703040
0.839	41545067063277453312
0.84	41449261222282313728
0.841	41352915630070317056
0.842	41256030286641422336
0.843	41158605191995678720
0.844	41060640346133037056
0.845	40962135749053546496
0.846	40863091400757166080
0.847	40763507301243928576
0.848	40663383450513784832
0.849	40562719848566800384
0.85	40461516495402917888
0.851	40359773391022178304
0.852	40257490535424548864
0.853	40154667928610070528
0.854	40051305570578685952
0.855	39947403461330452480
0.856	39842961600865329152
0.857	39737979989183348736
0.858	39632458626284470272
0.859	39526397512168751104
0.86	39419796646836125696
0.861	39312656030286651392
0.862	39204975662520279040
0.863	39096755543537057792
0.864	38987995673336938496
0.865	38878696051919962112
0.866	38768856679286095872
0.867	38658477555435372544
0.868	38547558680367759360
0.869	38436100054083297280
0.87	38324101676581928960
0.871	38211563547863719936
0.872	38098485667928621056
0.873	37984868036776640512
0.874	37870710654407794688
0.875	37756013520822075392
0.876	37640776636019474432
0.877	37525000000000008192
0.878	37408683612763660288
0.879	37291827474310447104
0.88	37174431584640352256
0.881	37056495943753383936
0.882	36938020551649542144
0.883	36819005408328835072
0.884	36699450513791246336
0.885	36579355868036784128
0.886	36458721471065448448
0.887	36337547322877239296
0.888	36215833423472152576
0.889	36093579772850192384
0.89	35970786371011362816
0.891	35847453217955659776
0.892	35723580313683079168
0.893	35599167658193625088
0.894	35474215251487297536
0.895	35348723093564096512
0.896	35222691184424017920
0.897	35096119524067065856
0.898	34969008112493244416
0.899	34841356949702549504
0.9	34713166035694977024
0.901	34584435370470531072
0.902	34455164954029211648
0.903	34325354786371018752
0.904	34195004867495948288
0.905	34064115197404004352
0.906	33932685776095191040
0.907	33800716603569504256
0.908	33668207679826935808
0.909	33535159004867502080
0.91	33401570578691186688
0.911	33267442401298006016
0.912	33132774472687943680
0.913	32997566792861007872
0.914	32861819361817198592
0.915	32725532179556524032
0.916	32588705246078967808
0.917	32451338561384538112
0.918	32313432125473234944
0.919	32174985938345058304
0.92	32036000000000004096
0.921	31896474310438076416
0.922	31756408869659279360
0.923	31615803677663608832
0.924	31474658734451056640
0.925	31332974040021635072
0.926	31190749594375340032
0.927	31047985397512171520
0.928	30904681449432125440
0.929	30760837750135209984
0.93	30616454299621416960
0.931	30471531097890754560
0.932	30326068144943214592
0.933	30180065440778801152
0.934	30033522985397514240
0.935	29886440778799353856
0.936	29738818820984315904
0.937	29590657111952408576
0.938	29441955651703627776
0.939	29292714440237965312
0.94	29142933477555433472
0.941	28992612763656028160
0.942	28841752298539753472
0.943	28690352082206597120
0.944	28538412114656575488
0.945	28385932395889668096
0.946	28232912925905895424
0.947	28079353704705245184
0.948	27925254732287721472
0.949	27770616008653324288
0.95	27615437533802057728
0.951	27459719307733909504
0.952	27303461330448908288
0.953	27146663601946996736
0.954	26989326122228248576
0.955	26831448891292590080
0.956	26673031909140094976
0.957	26514075175770689536
0.958	26354578691184443392
0.959	26194542455381286912
0.96	26033966468361293824
0.961	25872850730124390400
0.962	25711195240670650368
0.963	25549000000000000000
0.964	25386265008112508928
0.965	25222990265008111616
0.966	25059175770686877696
0.967	24894821525148729344
0.968	24729927528393740288
0.969	24564493780421849088
0.97	24398520281233117184
0.971	24232007030827470848
0.972	24064954029204992000
0.973	23897361276365602816
0.974	23729228772309372928
0.975	23560556517036236800
0.976	23391344510546259968
0.977	23221592752839368704
0.978	23051301243915644928
0.979	22880469983775010816
0.98	22709098972417540096
0.981	22537188209843154944
0.982	22364737696051937280
0.983	22191747431043805184
0.984	22018217414818836480
0.985	21844147647376953344
0.986	21669538128718241792
0.987	21494388858842615808
0.988	21318699837750149120
0.989	21142471065440776192
0.99	20965702541914562560
0.991	20788394267171438592
0.992	20610546241211482112
0.993	20432158464034607104
0.994	20253230935640899584
0.995	20073763656030281728
0.996	19893756625202827264
0.997	19713209843158458368
0.998	19532123309897252864
0.999	19350497025419137024
1.0	19168330989724188672
1.001	18985625202812325888
1.002	18802379664683626496
1.003	18618594375338012672
1.004	18434269334775566336
1.005	18249404542996205568
1.006	18064000000000012288
1.007	17878055705786904576
1.008	17691571660356960256
1.009	17504547863710105600
1.01	17316984315846414336
1.011	17128881016765812736
1.012	16940237966468374528
1.013	16751055164954021888
1.014	16561332612222836736
1.015	16371070308274733056
1.016	16180268253109800960
1.017	15988926446727991296
1.018	15797044889129271296
1.019	15604623580313673728
1.02	15411662520281243648
1.021	15218161709031940096
1.022	15024121146565722112
1.023	14829540832882626560
1.024	14634420767982702592
1.025	14438760951865905152
1.026	14242561384532189184
1.027	14045822065981603840
1.028	13848542996214181888
1.029	13650724175229886464
1.03	13452365603028676608
1.031	13253467279610585088
1.032	13054029204975673344
1.033	12854051379123888128
1.034	12653533802055172096
1.035	12452476473769590784
1.036	12250879394267176960
1.037	12048742563547897856
1.038	11846065981611687936
1.039	11642849648458612736
1.04	11439093564088705024
1.041	11234797728501923840
1.042	11029962141698228224
1.043	10824586803677650944
1.044	10618671714440249344
1.045	10412216873985966080
1.046	10205222282314776576
1.047	9997687939426705408
1.048	9789613845321801728
1.049	9581000000000032768
1.05	9371846403461341184
1.051	9162153055705767936
1.052	8951919956733378560
1.053	8741147106544107520
1.054	8529834505137913856
1.055	8317982152514863104
1.056	8105590048674963456
1.057	7892658193618206720
1.058	7679186587344519168
1.059	7465175229853958144
1.06	7250624121146572800
1.061	7035533261222313984
1.062	6819902650081124352
1.063	6603732287723077632
1.064	6387022174148190208
1.065	6169772309356437504
1.066	5951982693347762176
1.067	5733653326122205184
1.068	5514784207679832064
1.069	5295375338020577280
1.07	5075426717144408064
1.071	4854938345051357184
1.072	4633910221741481984
1.073	4412342347214741504
1.074	4190234721471070208
1.075	3967587344510525440
1.076	3744400216333156352
1.077	3520673336938913792
1.078	3296406706327748608
1.079	3071600324499759104
1.08	2846254191454846976
1.081	2620368307193102336
1.082	2393942671714443264
1.083	2166977285018951680
1.084	1939472147106545664
1.085	1711427257977307136
1.086	1482842617631154176
1.087	1253718226068168704
1.088	1024054083288268800
1.089	793850189291536384
1.09	563106544077881344
1.091	331823147647401984
1.092	100000000000000000
