0.662	50000000000000000000
0.663	49282568009752805376
0.664	48575430192718209024
0.665	47878438841512706048
0.666	47191448368152797184
0.667	46514315273644572672
0.668	45846898118009446400
0.669	45189057490740166656
0.67	44540655981680631808
0.671	43901558152323579904
0.672	43271630507520090112
0.673	42650741467595063296
0.674	42038761340862758912
0.675	41435562296536719360
0.676	40841018338028396544
0.677	40255005276628918272
0.678	39677400705568456704
0.679	39108083974447824896
0.68	38546936164036976640
0.681	37993840061435043840
0.682	37448680135586873344
0.683	36911342513150771200
0.684	36381714954712662016
0.685	35859686831341346816
0.686	35345149101480345600
0.687	34837994288171163648
0.688	34338116456603500544
0.689	33845411191987482624
0.69	33359775577743437824
0.691	32881108174004637696
0.692	32409308996428443648
0.693	31944279495311568896
0.694	31485922535004884992
0.695	31034142373623734272
0.696	30588844643049263104
0.697	30149936329216757760
0.698	29717325752686833664
0.699	29290922549495353344
0.7	28870637652278128640
0.701	28456383271666540544
0.702	28048072877949968384
0.703	27645621183001452544
0.704	27248944122462629888
0.705	26857958838184374272
0.706	26472583660919259136
0.707	26092738093262483456
0.708	25718342792837521408
0.709	25349319555723022336
0.71	24985591300117532672
0.711	24627082050238603264
0.712	24273716920452931584
0.713	23925422099634180096
0.714	23582124835745288192
0.715	23243753420641955840
0.716	22910237175094235136
0.717	22581506434022969344
0.718	22257492531948150784
0.719	21938127788645998592
0.72	21623345495011885056
0.721	21313079899126104064
0.722	21007266192519589888
0.723	20705840496636514304
0.724	20408739849491693568
0.725	20115902192518496256
0.726	19827266357606600704
0.727	19542772054324592640
0.728	19262359857326993408
0.729	18985971193940967424
0.73	18713548331932098560
0.731	18445034367444764672
0.732	18180373213116520448
0.733	17919509586362032128
0.734	17662388997826111488
0.735	17408957740001501184
0.736	17159162876010727424
0.737	16912952228548487168
0.738	16670274368982820864
0.739	16431078606612697088
0.74	16195314978079694848
0.741	15962934236931614720
0.742	15733887843335878656
0.743	15508127953940465664
0.744	15285607411880392704
0.745	15066279736927541248
0.746	14850099115781842944
0.747	14637020392501774336
0.748	14426999059072145408
0.749	14219991246107254784
0.75	14015953713687406592
0.751	13814843842326939648
0.752	13616619624071845888
0.753	13421239653725106176
0.754	13228663120197976064
0.755	13038849797985308672
0.756	12851760038763251712
0.757	12667354763107469312
0.758	12485595452330196992
0.759	12306444140434466816
0.76	12129863406183708672
0.761	11955816365285210112
0.762	11784266662685677568
0.763	11615178464977393664
0.764	11448516452913293312
0.765	11284245814029465600
0.766	11122332235373510656
0.767	10962741896337219584
0.768	10805441461592109056
0.769	10650398074126319616
0.77	10497579348381411328
0.771	10346953363487670272
0.772	10198488656596430848
0.773	10052154216308123648
0.774	9907919476194570240
0.775	9765754308414267392
0.776	9625629017419251712
0.777	9487514333752285184
0.778	9351381407933032448
0.779	9217201804431951872
0.78	9084947495730678784
0.781	8954590856467613696
0.782	8826104657667514368
0.783	8699462061053905920
0.784	8574636613443067904
0.785	8451602241218490368
0.786	8330333244884588544
0.787	8210804293698590720
0.788	8092990420379423744
0.789	7976867015892537344
0.79	7862409824309559296
0.791	7749594937741686784
0.792	7638398791345815552
0.793	7528798158402275328
0.794	7420770145463235584
0.795	7314292187570704384
0.796	7209342043543136256
0.797	7105897791329697792
0.798	7003937823431160832
0.799	6903440842386525184
0.8	6804385856324382720
0.801	6706752174578128896
0.802	6610519403364081664
0.803	6515667441521620992
0.804	6422176476314425344
0.805	6330026979292005376
0.806	6239199702210569216
0.807	6149675673012435968
0.808	6061436191863153664
0.809	5974462827245458432
0.81	5888737412109287424
0.811	5804242040077033472
0.812	5720959061703255040
0.813	5638871080788046848
0.814	5557960950743303168
0.815	5478211771011143680
0.816	5399606883533701120
0.817	5322129869273581568
0.818	5245764544784241664
0.819	5170494958829585408
0.82	5096305389052063744
0.821	5023180338688560128
0.822	4951104533333441536
0.823	4880062917748015104
0.824	4810040652715786240
0.825	4741023111942830080
0.826	4672995879002646528
0.827	4605944744324852224
0.828	4539855702227060224
0.829	4474714947989383168
0.83	4410508874970886656
0.831	4347224071767420928
0.832	4284847319410247680
0.833	4223365588604850176
0.834	4162766037009365504
0.835	4103036006552064000
0.836	4044163020787332096
0.837	3986134782289582592
0.838	3928939170084550144
0.839	3872564237117478400
0.84	3816998207757565440
0.841	3762229475338341376
0.842	3708246599733163008
0.843	3655038304965690368
0.844	3602593476854459392
0.845	3550901160691438592
0.846	3499950558953714688
0.847	3449731029048181760
0.848	3400232081088425984
0.849	3351443375703678976
0.85	3303354721879034880
0.851	3255956074826838016
0.852	3209237533888423936
0.853	3163189340466157568
0.854	3117801875984966144
0.855	3073065659883283456
0.856	3028971347632671232
0.857	2985509728785999360
0.858	2942671725053489152
0.859	2900448388406508544
0.86	2858830899208428032
0.861	2817810564372447232
0.862	2777378815545697280
0.863	2737527207319555072
0.864	2698247415465487360
0.865	2659531235196357120
0.866	2621370579452522496
0.867	2583757477212685824
0.868	2546684071828826624
0.869	2510142619385169920
0.87	2474125487080570368
0.871	2438625151634223616
0.872	2403634197714147328
0.873	2369145316388302848
0.874	2335151303597876736
0.875	2301645058652505088
0.876	2268619582747072256
0.877	2236067977499792128
0.878	2203983443511278080
0.879	2172359278944274432
0.88	2141188878123776000
0.881	2110465730157225984
0.882	2080183417574521600
0.883	2050335614987528192
0.884	2020916087768823808
0.885	1991918690749412352
0.886	1963337366935113216
0.887	1935166146241374976
0.888	1907399144246236160
0.889	1880030560961188096
0.89	1853054679619670016
0.891	1826465865482941696
0.892	1800258564663101440
0.893	1774427302962985216
0.894	1748966684732711680
0.895	1723871391742635008
0.896	1699136182072472320
0.897	1674755889016367360
0.898	1650725420003662848
0.899	1627039755535165184
0.9	1603693948134667776
0.901	1580683121315514624
0.902	1558002468562003712
0.903	1535647252325393920
0.904	1513612803034325504
0.905	1491894518119434240
0.906	1470487861051968000
0.907	1449388360396191488
0.908	1428591608875388160
0.909	1408093262451269888
0.91	1387889039416588032
0.911	1367974719500770048
0.912	1348346142988384512
0.913	1328999209850258432
0.914	1309929878887062528
0.915	1291134166885178112
0.916	1272608147784686080
0.917	1254347951859286784
0.918	1236349764907989248
0.919	1218609827458397184
0.92	1201124433981431552
0.921	1183889932117315328
0.922	1166902721912664320
0.923	1150159255068530816
0.924	1133656034199229824
0.925	1117389612101804160
0.926	1101356591035969280
0.927	1085553622014393216
0.928	1069977404103156736
0.929	1054624683732251520
0.93	1039492254015974400
0.931	1024576954083070336
0.932	1009875668416485760
0.933	995385326202600320
0.934	981102900689792512
0.935	967025408556209408
0.936	953149909286607488
0.937	939473504558138880
0.938	925993337634946176
0.939	912706592771444352
0.94	899610494624169216
0.941	886702307672059520
0.942	873979335645060480
0.943	861438920960926080
0.944	849078444170098048
0.945	836895323408559104
0.946	824887013858527488
0.947	813051007216895744
0.948	801384831171293312
0.949	789886048883670656
0.95	778552258481289216
0.951	767381092555015552
0.952	756370217664820480
0.953	745517333852359552
0.954	734820174160571264
0.955	724276504160133632
0.956	713884121482757120
0.957	703640855361131520
0.958	693544566175513216
0.959	683593145006783232
0.96	673784513195953280
0.961	664116621909953792
0.962	654587451713692928
0.963	645195012148215808
0.964	635937341314955648
0.965	626812505465913088
0.966	617818598599749248
0.967	608953742063645056
0.968	600216084160902144
0.969	591603799764142336
0.97	583115089934091392
0.971	574748181543799168
0.972	566501326908281600
0.973	558372803419450880
0.974	550360913186309312
0.975	542463982680277952
0.976	534680362385644224
0.977	527008426454994752
0.978	519446572369622592
0.979	511993220604777600
0.98	504646814299747328
0.981	497405818932646848
0.982	490268721999900032
0.983	483234032700292416
0.984	476300281623586176
0.985	469466020443575552
0.986	462729821615571008
0.987	456090278078202368
0.988	449546002959522240
0.989	443095629287303040
0.99	436737809703515264
0.991	430471216182878592
0.992	424294539755475008
0.993	418206490233318848
0.994	412205795940871872
0.995	406291203449405248
0.996	400461477315193216
0.997	394715399821441024
0.998	389051770723939456
0.999	383469407000345600
1.0	377967142603082880
1.001	372543828215766656
1.002	367198331013144320
1.003	361929534424459456
1.004	356736337900232448
1.005	351617656682366912
1.006	346572421577573504
1.007	341599578734029376
1.008	336698089421254784
1.009	331866929813135744
1.01	327105090774075008
1.011	322411577648193728
1.012	317785410051576640
1.013	313225621667479808
1.014	308731260044494016
1.015	304301386397588544
1.016	299935075412024960
1.017	295631415050069632
1.018	291389506360489728
1.019	287208463290782432
1.02	283087412502092000
1.021	279025493186786080
1.022	275021856888651808
1.023	271075667325669216
1.024	267186100215328832
1.025	263352343102451872
1.026	259573595189486304
1.027	255849067169237760
1.028	252177981059995872
1.029	248559570043028480
1.03	244993078302408864
1.031	241477760867142688
1.032	238012883455556096
1.033	234597722321916608
1.034	231231564105258976
1.035	227913705680378368
1.036	224643454010961024
1.037	221420126004819584
1.038	218243048371210720
1.039	215111557480198880
1.04	212024999224035392
1.041	208982728880526528
1.042	205984110978365408
1.043	203028519164394880
1.044	200115336072774144
1.045	197243953196020928
1.046	194413770757907648
1.047	191624197588181312
1.048	188874650999077408
1.049	186164556663607456
1.05	183493348495593920
1.051	180860468531427264
1.052	178265366813516736
1.053	175707501275413664
1.054	173186337628585696
1.055	170701349250815552
1.056	168252017076197952
1.057	165837829486716576
1.058	163458282205377696
1.059	161112878190877536
1.06	158801127533779104
1.061	156522547354178208
1.062	154276661700840672
1.063	152063001451785824
1.064	149881104216295744
1.065	147730514238329120
1.066	145610782301323904
1.067	143521465634365968
1.068	141462127819701056
1.069	139432338701575328
1.07	137431674296385344
1.071	135459716704115904
1.072	133516054021049024
1.073	131600280253723776
1.074	129711995234133168
1.075	127850804536137856
1.076	126016319393076736
1.077	124208156616560928
1.078	122425938516433616
1.079	120669292821879296
1.08	118937852603660608
1.081	117231256197477376
1.082	115549147128418560
1.083	113891174036504608
1.084	112256990603292400
1.085	110646255479538960
1.086	109058632213897056
1.087	107493789182640176
1.088	105951399520389696
1.089	104431141051842096
1.09	102932696224469808
1.091	101455752042193360
1.092	100000000000000016
